(( 1.7664593098406, 58.283713128632, 31), W )
(( 2.0720027738777, 86.556849727657, 33), M )
(( 1.6630733821598, 66.856221761892, 35), W )
(( 1.666091354542, 67.057540551067, 36), W )
(( 1.9351756562717, 71.389749697454, 37), M )
(( 1.7022421856395, 61.335242736898, 36), W )
(( 1.7630684242623, 63.268276498989, 38), W )
(( 1.586168247809, 63.446251123848, 30), W )
(( 1.8642671461406, 80.532512409369, 34), M )
(( 1.8658150151452, 77.946772776045, 36), M )
(( 1.6206103156132, 49.854360519015, 27), W )
(( 1.8675038160058, 80.916409424735, 33), M )
(( 2.0607492714346, 87.912556830833, 38), M )
(( 1.8288959355164, 67.378503959194, 29), W )