(( 1.8891711252613, 68.508468104513, 38), W )
(( 1.7317732017024, 68.901524753488, 36), W )
(( 1.7230701561102, 83.199852924651, 36), W )
(( 1.7986201894208, 82.532507159776, 36), M )
(( 1.7665420048762, 74.971281807304, 36), W )
(( 1.8134074457924, 81.519645337647, 38), M )
(( 1.8820713620007, 89.830818903179, 38), M )
(( 1.9354481701311, 78.00998580125, 38), M )
(( 1.7345348302103, 82.644277648937, 31), W )
(( 1.7361420573573, 80.905237283254, 30), M )
(( 1.9302567189493, 90.115081604433, 39), M )
(( 1.8909927470116, 83.316600231159, 34), M )
(( 1.5815784707121, 66.318530561342, 26), W )
(( 1.7457153128067, 71.822985140708, 29), W )
(( 1.7486617101922, 79.55288009043, 36), M )
(( 1.8666769297388, 84.046693183932, 35), M )
(( 1.9407464959117, 85.616332171356, 37), M )
(( 1.8919343815808, 78.577534990344, 33), M )
(( 1.9171598077526, 80.812487107892, 30), M )
(( 1.71997313797, 71.636320644256, 29), W )
(( 1.7437446524253, 70.989349534162, 37), W )
(( 1.7609260108848, 75.892670067393, 33), W )
(( 1.9419544369162, 87.270140670528, 30), M )
(( 1.8608518997533, 86.277854717368, 40), M )
(( 1.7705042055337, 76.397384428072, 28), M )
(( 1.8181276242841, 74.292946157695, 39), M )
(( 1.6175143650972, 78.819881922203, 40), W )
(( 1.6537248751545, 64.736055146461, 39), W )
(( 1.8589566517438, 80.849095338465, 35), W )
(( 1.8223734707648, 77.902167277026, 29), M )
(( 1.9474895521454, 78.879922075019, 33), M )
(( 1.591367448666, 75.563510717924, 31), W )
(( 1.7143034919351, 70.835069171118, 30), W )
(( 1.8280893490282, 79.760703848065, 37), M )
(( 1.7563976047267, 80.373905116416, 28), W )
(( 1.6927196586591, 75.812698886364, 28), W )
(( 1.7598858086372, 78.771603810587, 34), M )
(( 1.6504335196036, 68.066283638637, 35), W )
(( 1.8266969838567, 86.860756214751, 31), M )
(( 1.6300599325599, 71.524598914878, 31), W )
(( 1.7251462493427, 71.121602074579, 33), W )
(( 1.7806283362731, 76.33696833536, 28), M )
(( 1.8651057603532, 77.498401369728, 31), M )
(( 1.9144402998193, 86.679507856122, 34), M )
(( 1.8094577944626, 77.854552594666, 34), M )
(( 1.883451615644, 77.365190018676, 32), M )
(( 1.7938604287967, 69.408282566432, 35), W )
(( 1.918912231578, 78.915247495127, 37), W )
(( 1.786221969786, 74.826146918708, 40), W )
(( 1.7988816270146, 80.766162662553, 29), W )
(( 1.7214969047558, 75.98933796493, 28), W )
(( 1.814149104483, 72.899571606859, 38), W )
(( 1.7845827234867, 76.844391895996, 28), M )
(( 1.842442229005, 67.20091117127, 23), W )
(( 1.9061095988929, 81.264329031185, 27), M )
(( 1.843040727948, 71.391066249654, 35), W )
(( 1.7866474568474, 77.215653940861, 37), W )
(( 1.6299327939769, 68.246992210712, 28), W )
(( 1.9179802385858, 93.22597168304, 38), M )
(( 1.7095688109726, 73.560405128556, 33), W )
(( 1.7319543077946, 67.898256147929, 35), W )
(( 1.6971888344648, 84.283906198752, 43), M )
(( 1.6743412207878, 71.687588209575, 31), W )
(( 1.7707560608012, 79.455330479534, 36), W )
(( 1.7502690654929, 77.313923105664, 38), M )
(( 1.9095982376999, 82.694039334685, 35), M )
(( 1.7001705894523, 68.662315842157, 37), W )
(( 1.77585531651, 74.867030332598, 39), W )
(( 1.8091834056411, 79.174670404373, 34), W )
(( 1.8336413252012, 80.751234487458, 32), M )
(( 1.7558434387658, 78.888697548542, 33), W )
(( 1.8817784231823, 83.011305304644, 34), M )
(( 1.8328811792307, 88.168020189305, 33), M )
(( 1.8989840056191, 82.80504082841, 31), M )
(( 1.7079005037154, 71.250211630815, 33), W )
(( 1.9381670629743, 82.891075647838, 29), M )
(( 1.8556887929171, 78.420375600067, 30), M )
(( 1.7939808002094, 71.870569472985, 34), W )
(( 1.836218721654, 84.16101689026, 35), M )
(( 1.7498897947421, 81.084701775496, 35), W )
(( 1.703945842837, 70.391370211559, 30), W )
(( 1.8080892711188, 78.663124535262, 32), M )
(( 1.7121857323848, 67.898497570754, 38), W )
(( 1.7875939096712, 80.817584513813, 30), M )
(( 1.8953670484299, 81.922760860355, 34), M )
(( 1.7366697057668, 72.117550782983, 31), M )
(( 1.9284162692907, 79.948681523206, 33), M )
(( 1.790155536747, 80.623333998037, 33), M )
(( 1.7532877372813, 76.795147113707, 37), M )
(( 1.7965402543895, 83.950267532569, 29), M )
(( 1.9229805267434, 86.612095025849, 31), M )
(( 1.8503428408308, 68.837942881997, 30), W )
(( 1.7029378031036, 68.624010208243, 34), W )
(( 1.9473456095455, 86.140378444652, 36), M )
(( 1.8761720531704, 80.811143572056, 34), W )
(( 1.7579737677806, 75.011716241267, 34), M )
(( 1.8076957936362, 77.460328846379, 33), M )
(( 1.7477642031246, 83.366727592765, 37), M )
(( 1.6801391813669, 73.026028738612, 29), W )
(( 1.635009822917, 67.974497751989, 34), W )
(( 1.7848544997862, 77.601870546721, 35), M )
(( 1.9001806455616, 79.128050248466, 32), W )
(( 1.8819028215721, 75.44161847561, 37), M )
(( 1.9102604081869, 84.937379590391, 30), M )
(( 1.8432476300475, 73.093136455886, 35), W )
(( 1.8193177122939, 77.93020101071, 34), M )
(( 1.6514118555967, 72.987002052883, 35), M )
(( 1.7359245170592, 82.266376680791, 34), M )
(( 1.9705669434244, 82.888265351916, 33), M )
(( 1.72041957965, 81.880920725686, 29), W )
(( 1.707988012326, 66.40222834074, 37), W )
(( 1.8130310231871, 69.622376412511, 40), W )
(( 1.7099721695023, 78.150239679488, 25), W )
(( 1.6561505166315, 68.634407194226, 30), W )
(( 1.7588171092802, 73.373218516477, 30), W )
(( 1.7252308071853, 76.185789771012, 36), W )
(( 1.8271837561292, 80.126745538509, 35), W )
(( 1.7450790248015, 65.645624738793, 36), W )
(( 1.6695535892551, 77.753186112762, 33), W )
(( 1.703834352376, 67.038426895843, 26), W )