(( 1.5592607682448, 74.814604196573, 22), W )
(( 1.8991961983627, 83.922831121919, 24), M )
(( 1.6106519595625, 75.01146454428, 21), M )
(( 1.7235278453481, 77.402168076708, 23), W )
(( 1.6705359772437, 84.318386403268, 22), M )
(( 1.70784384043, 81.133081708015, 20), W )
(( 1.7383431057499, 80.312483080435, 24), M )
(( 1.5517947354295, 71.031066691812, 28), W )
(( 1.8342047934554, 79.668260977493, 22), M )
(( 1.7031394967145, 82.918616022316, 21), M )
(( 1.736695860364, 78.743586961837, 18), W )
(( 1.7390064487949, 81.810860133712, 21), M )
(( 1.5485816161758, 81.352785106257, 30), M )
(( 1.5904442814143, 72.296281948342, 27), W )
(( 1.5867859590594, 73.784450865577, 25), M )
(( 1.817227135723, 78.526454013712, 26), M )
(( 1.7509918076611, 82.837118566304, 32), M )
(( 1.6352329323669, 79.991983033981, 32), M )
(( 1.686531981748, 91.592848932284, 30), W )
(( 1.7289908030208, 76.926927300968, 19), M )
(( 1.8151319277145, 85.38853504939, 29), M )
(( 1.9105341451359, 95.628170370828, 26), M )
(( 1.6641806024455, 83.846145665201, 29), W )
(( 1.4909212696311, 77.306287309593, 32), W )
(( 1.6572118753147, 76.279216597923, 26), W )
(( 1.6727896981348, 75.819646188342, 20), W )
(( 1.6175671125674, 78.776326257988, 18), W )
(( 1.6493938936922, 70.181658933356, 29), W )
(( 1.7187699593521, 83.829652662671, 25), W )
(( 1.5830009762774, 75.72360065335, 27), W )