(( 1.7454366941178, 76.488073522013, 31), W )
(( 1.8326937516495, 76.910620299459, 26), M )
(( 1.7222768406636, 79.64197559873, 22), M )
(( 1.7240297718801, 86.551351075747, 23), M )
(( 1.6366892794657, 77.65388910323, 23), W )
(( 1.790057575738, 83.50474527496, 30), M )
(( 1.6467060013914, 72.234425448338, 24), W )
(( 1.7801982671651, 84.898799736676, 23), M )
(( 1.5657032788684, 80.931128038986, 32), W )
(( 1.5722983896057, 80.037293668765, 22), W )
(( 1.7607874763318, 86.373592900988, 28), W )
(( 1.5710384158504, 83.019135953449, 24), W )
(( 1.5757328141683, 67.68908067351, 23), W )
(( 1.6155920245059, 76.964859730115, 23), W )
(( 1.7024090621211, 85.100217083896, 27), W )
(( 1.5237994694009, 73.843721392132, 31), W )
(( 1.7783020912793, 79.891691603204, 28), M )
(( 1.5968975874824, 79.472738321491, 24), W )
(( 1.650546748932, 82.106980092908, 28), M )
(( 1.4652920273924, 72.678734143659, 26), W )
(( 1.559868902831, 75.074064931808, 29), W )
(( 1.6391635587638, 75.918226954087, 23), W )
(( 1.7099949371426, 87.499811398736, 30), W )
(( 1.8143221644472, 85.791114695577, 25), M )
(( 1.6548561097371, 83.028527709972, 26), W )
(( 1.7616586085422, 74.97380750995, 32), M )
(( 1.6185022071546, 70.076642409383, 24), M )
(( 1.7226162316769, 84.85525663818, 20), M )
(( 1.5904970497872, 78.800282205036, 22), W )
(( 1.7097541512738, 73.707500165924, 29), W )
(( 1.7215312276834, 78.110594547079, 24), W )
(( 1.5222884899453, 72.888719604584, 23), W )
(( 1.5230790359707, 80.548236922066, 26), M )
(( 1.6301057351595, 73.431643381929, 21), W )
(( 1.6852677856312, 77.571954136084, 20), M )
(( 1.7088989923993, 85.506275099762, 25), M )
(( 1.7204400448674, 74.552882188061, 24), W )
(( 1.7335420366994, 77.983483392869, 28), M )
(( 1.5480628883992, 74.28107286678, 31), M )
(( 1.5906577226775, 80.935356689751, 24), W )
(( 1.8469529979135, 89.772419635767, 25), M )
(( 1.7002154724909, 74.57701417647, 25), M )
(( 1.6868892716299, 78.982955038815, 27), M )
(( 1.7321806814645, 87.20337849948, 18), M )
(( 1.6751252837395, 81.110110374895, 23), M )
(( 1.7610790670451, 77.076111222186, 31), W )
(( 1.7326474833764, 85.407832726529, 32), M )
(( 1.7510072324123, 85.859315943234, 28), M )
(( 1.6130294443186, 79.522971708675, 29), W )
(( 1.7768401218352, 84.329306505136, 27), M )
(( 1.736952613307, 85.666065164789, 25), M )
(( 1.8150047750333, 86.976403557957, 29), M )
(( 1.6766787153872, 83.861400445146, 21), W )
(( 1.6496205658714, 80.461951860355, 26), M )
(( 1.6932376043485, 81.197639409929, 25), M )
(( 1.6394787543562, 74.693538684023, 25), W )
(( 1.9878360276158, 90.737107595001, 23), M )
(( 1.6063833182602, 78.2615194442, 23), W )
(( 1.5486746076804, 78.786442616163, 20), W )
(( 1.726689139457, 83.001988662775, 29), M )
(( 1.5376211047498, 80.33514675146, 21), M )
(( 1.5765769210138, 76.422403554038, 27), W )
(( 1.8157978202432, 77.260632791235, 25), M )
(( 1.6617124995878, 74.033118485489, 26), W )
(( 1.685906919694, 77.93558200081, 28), M )
(( 1.6198924219327, 82.224510362088, 29), W )
(( 1.8139975263231, 84.743619805184, 22), M )
(( 1.5752679682437, 67.492678526253, 22), W )
(( 1.7816149620812, 76.354371432446, 27), M )
(( 1.5999732028223, 81.877155895035, 18), M )
(( 1.7782939936645, 78.023755504972, 26), M )
(( 1.6072626757706, 83.218141260098, 24), M )
(( 1.6544798890337, 85.587882046343, 27), W )
(( 1.5537555781671, 75.824468604518, 31), W )
(( 1.5983516312373, 69.919434794586, 31), W )
(( 1.642470091446, 81.424401509581, 23), W )
(( 1.6921973618308, 77.850217654903, 28), M )
(( 1.8913222737327, 81.043302948607, 19), M )
(( 1.5674779993074, 74.366290140904, 26), W )
(( 1.7314491112089, 82.731080650874, 30), M )
(( 1.7164883255834, 81.026529463994, 25), M )
(( 1.6842244355506, 85.261245704332, 28), W )
(( 1.6075679255308, 77.040827530857, 24), W )
(( 1.6073186430232, 70.188603379398, 25), W )
(( 1.8881797222143, 86.189726346602, 20), M )
(( 1.5528004455013, 78.798357888275, 24), W )
(( 1.7932868609011, 79.138386971533, 24), M )
(( 1.582406121829, 70.927446288643, 23), M )
(( 1.547260379497, 70.707348496711, 28), W )
(( 1.5788180662377, 82.886838052833, 24), W )